,ALGO,AENO,LSST,SRNA,ELLT,AMRP,OTCS,HETT,HUXZ,DUCT,SMAH,NPCK,MSDP,EORC,CUBO,HRET,ANSO,DIHO,RTTH,SPLZ,NWIG,MMBT,MDGI,AGVF,RRES,CTGI,ALUT,ACAC,SRTX,GARI,RCRI,ACIX,CCNS,MTNS,IHOZ,NAYO,FWWG,EELT,HRND,AETS,ULXY,BLBT,BENI,ITPA,HTRK,NGTE,ILVX,FCSG,FARS,MHRM,EAFC
ALGO,42.00367603046091,83.84505143727453,-14.467356646092188,119.42325205611222,66.35989752785572,-3.2358716184368705,-2.4920680240481032,-0.42548029018036193,58.739183955110235,18.190482353507015,21.12751300360722,6.145507894188379,10.496001867735473,47.52680517675352,-68.80639018196392,35.75082444248496,-2.7591715623246507,4.046567629659319,11.313709159118233,61.67242162885773,95.82499427014031,49.53031607374747,144.8542329603206,81.38565961362724,-25.354086730260512,37.39971415791583,3.65748804008016,50.541090448096185,174.68456842324645,4.664824880160322,7.607166472144288,6.649680070541077,7.621534300601199,2.103621547094189,63.877385199198386,11.706049088577153,13.69140769058116,36.37678917515029,30.48989544689379,22.55648275591183,3.993729396392785,17.544245152705408,1.124450215631262,6.459101444488978,4.881890688577156,77.55621518396791,11.12927044809618,-2.8485200881763535,5.3281365643286565,12.453839435671341,26.85572770821643
AENO,83.84505143727453,541.54577733507,-24.417231096994016,424.87422543286584,41.828919573947864,45.595578964729434,-98.40756669138271,-21.358212769138294,262.9798748849698,88.62508900881761,-162.8638342068136,57.10059342124248,77.02001099599197,93.48064262765529,-438.9117995947897,27.410845508617218,-165.48809588897794,13.732768727855717,51.89770787855714,224.2136996388777,580.3789424104208,-406.58879300040064,221.76541527094182,407.5287801507014,-187.10336424729462,-171.68497721082161,24.11131841082164,217.9445043739479,772.8850467559117,46.73636649939879,81.93194941603207,-9.530913480561114,45.57124835871744,8.770474863727454,355.9047284777554,36.05442988617234,73.75850866052102,-115.17021948016028,152.68134688977952,50.357591008416854,-25.972918515430862,102.39327898637274,17.097418019238486,-15.188405124649304,7.281757971142285,134.53356385531066,-122.39046557595192,-74.51095197194383,143.48037189298594,66.84067161202404,145.1991616781563
LSST,-14.467356646092188,-24.417231096994016,145.46311062885763,-13.49021376152305,-123.45687265290574,10.26296916673347,-18.356697549098193,-0.6209727923847814,15.990246610821641,-10.330594047695385,-19.170277874949917,11.49350477675351,21.376407376753555,-44.516189407615215,25.01892432585166,-16.559725341883745,-20.19505844048092,2.109537069338683,25.269871098597203,65.8119125198396,-42.266087862925836,-77.88518086893785,-301.99580887254507,14.917665526252566,6.022438993587149,-41.827564882965916,9.187627016032064,8.854331470541075,62.86099512144286,3.188931947094184,30.54900759879761,-13.401455487775538,12.210829765531074,8.485419220440876,30.307914739879752,6.498444151503005,2.3524187591182333,-61.218618232064145,-36.625441735470964,-8.721912361523035,9.358985632064133,10.069348886973934,13.068320983567135,-14.747806620440885,-4.960659641683365,-74.89563042204406,-12.626537697795596,-2.5167936713426857,48.83348637234468,-0.40064715991984035,6.448669090581154
SRNA,119.42325205611222,424.87422543286584,-13.49021376152305,517.8154682464931,147.58885494388775,14.073057308617237,-55.09534027054108,-36.40741286372744,256.38173278156313,78.1965800741483,-38.68667011222444,40.11121027254509,56.69435558116234,140.89315189579156,-375.9530183346693,101.57587616032065,-77.85275443486972,16.368327486973953,45.08394536472944,221.07094761322645,472.774770488978,-122.4637500521042,355.4303333486974,346.1746421162325,-154.974571496994,-23.740453669338635,16.990302675350705,217.10952291182366,652.3392074068136,29.464774661322636,61.59579742084166,3.9396789699398815,36.38507546092185,8.970895360721448,327.5406050741481,32.13155091382765,64.74468161923848,14.633112378757504,126.01465529058115,78.31091083366735,-15.852960793587194,88.4763034288577,13.512952460921843,1.4792799078156365,13.188516348697396,218.02506909619237,-35.967949482965906,-54.62003040080161,85.88304908416833,55.051711326653304,121.36629271943886
ELLT,66.35989752785572,41.828919573947864,-123.45687265290574,147.58885494388775,246.84460802364725,-30.834322974348723,42.720824503006,-20.962785424048096,14.952275433266552,21.19305947855711,108.20518689298603,-17.76415708136272,-32.01433413026053,99.20038139158318,-46.207762702605166,82.24866101322648,60.37985513386773,3.0687996040080145,-25.719119094589203,-16.554533060921912,72.81066441603208,342.6839235543086,493.50301478436876,-2.3468765482965512,-3.4716304765531087,142.9303613759519,-12.830706875751494,16.915287066533065,13.716003876553255,-10.166276436072131,-46.94920649659321,24.55673484649299,-12.076256719438895,-8.44149747695391,28.78272093146298,-3.7662764160320705,3.3970734252505017,144.57286923406824,49.02252209619238,46.22872238156312,-11.790099259318637,-4.801037163527056,-16.202878498597187,28.597952712625258,12.639352226853713,159.52018483086164,72.52288358957914,23.09980369138278,-77.58549168296594,3.541270005611221,5.288596139879757
AMRP,-3.2358716184368705,45.595578964729434,10.26296916673347,14.073057308617237,-30.834322974348723,12.387446388376748,-15.34029838276553,0.7641580148296578,22.294197814028063,5.28574459278557,-37.1021693314629,7.861190806412831,11.594815488977957,-4.969249438076156,-37.05709116753507,-9.788737415631262,-23.02217822885771,1.0769585939879762,7.865499646893782,19.197090514228456,44.339868832865726,-123.18030830140285,-60.12462161643284,42.77047061803604,-20.606635270140266,-38.780595088977954,4.267044146292586,16.319877182765524,63.67648066212424,6.470552573947894,12.87786273787575,-4.596812295791582,4.662500955911823,2.393192623246492,26.572037107815635,4.7988880649298595,7.380694643687369,-28.42790793627254,9.788758649298597,0.37629848577154495,-3.207543259318639,10.910853129058111,4.0821791927855715,-6.0026414677354705,-1.4205676769539068,-10.05062001082164,-25.676732105811624,-11.869523202404807,24.804108172745483,5.964316682965931,13.434295402404807
OTCS,-2.4920680240481032,-98.40756669138271,-18.356697549098193,-55.09534027054108,42.720824503006,-15.34029838276553,33.908322354709426,-3.6731087955911796,-54.55367254909816,-13.02539565731463,53.32478724248497,-15.493581751503008,-23.874872975951885,1.9129759038076162,79.57799294789578,13.950980809619239,44.92868626653306,-1.2461671422845684,-17.132807721442877,-49.686061464929864,-99.2607214549098,167.11544878557115,44.75177910020041,-78.17252345490982,39.495517661322616,69.50543464729455,-8.391068567134269,-46.37394324048095,-159.18434914629265,-11.44053319438877,-28.358795985971945,7.419121014028058,-12.964632855711425,-3.2953690681362717,-63.144830076152296,-9.382399627254513,-13.985858581162313,56.60285107615231,-21.077892204408816,2.421213198396789,0.9387320320641273,-21.886083685370743,-6.810492749498997,8.75393265330662,1.3817152264529053,7.7474682344689505,38.52007444488978,19.887373807615237,-45.99774372144288,-13.290072521042083,-28.252295236472946
HETT,-0.42548029018036193,-21.358212769138294,-0.6209727923847814,-36.40741286372744,-20.962785424048096,0.7641580148296578,-3.6731087955911796,38.42210858957912,1.9960048328657263,-5.275857031262528,13.040225216032047,2.3517474653306647,8.159170374749504,-4.679507616833678,41.28884032104207,-15.841642323046093,0.053925485771536844,-2.803377388376756,4.041523441683369,2.16881078517034,-31.249419048496975,-55.75752740521044,8.0187802769539,-2.2906040416833626,5.596996903006009,-6.10835648537076,3.4921142625250514,2.8747735002004053,53.5249265715431,1.6736134092184383,4.708804193587175,1.7831586797595187,1.9882130681362722,2.47881179759519,-32.49040864448897,5.026212266933868,-1.955372894589176,-13.762569808817641,-4.908397559118244,-15.566563284168328,25.277887400400804,-5.368620616833667,1.4266849611222447,1.9427225947895796,-0.6741227022044086,-3.1829597478957936,9.20842429178356,2.4722344809619257,1.1410177326653317,-0.44342711342685304,-5.08315734789579
HUXZ,58.739183955110235,262.9798748849698,15.990246610821641,256.38173278156313,14.952275433266552,22.294197814028063,-54.55367254909816,1.9960048328657263,182.3672514805611,42.840141814028044,-61.88774402725457,34.514664917034075,52.59666975150301,61.69588826773546,-221.98033662605206,35.10725309498997,-71.29872398156313,7.985969854909822,46.90334844328658,152.7051761771543,277.6586291511021,-238.53061385490983,89.50689320160323,245.20704520561117,-100.91732131703404,-49.194257738677365,17.930256324649303,148.77509130020044,473.5271543599197,24.71025130581162,58.362038169939865,-5.099042842484972,29.00250496593187,8.494695122244487,189.96697409859718,30.836542367935884,40.65500388937877,-29.47268998557108,69.84233952705411,27.29689326973949,1.592668076953892,57.49751999919839,13.818150302204408,-8.254182993186364,4.200868474549099,93.64809896673344,-50.00853673587172,-41.469854492985974,79.87967966893788,35.85796951342685,78.07211968176351
DUCT,18.190482353507015,88.62508900881761,-10.330594047695385,78.1965800741483,21.19305947855711,5.28574459278557,-13.02539565731463,-5.275857031262528,42.840141814028044,16.39431077314629,-19.283802902605213,7.691944978757515,10.25959829458918,20.512791187174344,-74.28203519158316,10.173960436072141,-23.68194940320642,2.33164078236473,6.406586388376754,35.67661734388777,97.90806235591178,-34.805303555911784,68.11086457995991,65.38539769619236,-27.91994662084168,-16.718049581963925,2.8858950881763525,35.417986713827645,120.96175355190387,6.8107249026052115,13.004969182765539,0.014454221242484286,6.665511897795592,1.1069066913827654,58.95928044248496,6.0083173074148295,12.055724695791582,-7.697223439278558,27.933375643286578,10.139105884569139,-4.753346169138277,16.327257241282563,1.9964843951903806,-0.5574607703406812,2.148543256913828,31.446957400000006,-15.39389652264529,-10.227094625250501,18.791791691783565,10.96431380521042,24.18770571102204
SMAH,21.12751300360722,-162.8638342068136,-19.170277874949917,-38.68667011222444,108.20518689298603,-37.1021693314629,53.32478724248497,13.040225216032047,-61.88774402725457,-19.283802902605213,154.33702505651303,-25.574910643687364,-35.93260661723445,25.114711031663322,148.5337336248497,41.34841285611223,86.91933846813625,-3.5858953891783583,-23.358510189178354,-47.398129841282575,-165.30835444649307,373.67771894028067,201.43872855871734,-130.91854027895798,67.03742178837675,143.70932688817646,-12.445612228456913,-45.02351935791581,-155.98203417875743,-21.958795886172346,-47.74658387895793,17.369837701002012,-16.941187426853702,-4.045588621242487,-89.85379883446892,-8.861314483366737,-21.361293694589175,100.93171484488981,-31.36939019639276,2.99117930420842,21.17739583807616,-35.487251248897785,-10.290166079358716,22.09773597434868,5.884620581963927,47.57358954949898,105.56672980040076,44.569848224448876,-83.50457753827655,-18.985345335470942,-41.45083406893789
NPCK,6.145507894188379,57.10059342124248,11.49350477675351,40.11121027254509,-17.76415708136272,7.861190806412831,-15.493581751503008,2.3517474653306647,34.514664917034075,7.691944978757515,-25.574910643687364,9.566147974348699,14.295908380761523,4.632879926252502,-44.07512595350702,-2.224033272945892,-22.555635790781555,1.502561216833668,11.634033708216432,33.3931453763527,58.039749981563126,-85.66923923687375,-23.153068943486968,54.163810114629236,-22.540351760320636,-27.5024164032064,5.141147258517033,28.817466099398793,104.66875740120238,6.69484011062124,14.911993826853706,-3.108025741082162,7.232777286573144,2.414205615230461,39.87135594068136,6.3034048,8.781709093386768,-22.918129963126244,11.525770997995991,2.345029449298597,1.0416887150300596,12.950032627655302,3.9830552256513037,-4.267444246893787,-0.3772417763527046,6.096238330260529,-19.064138369539087,-11.695508064128251,24.28635870861724,7.618683323446893,16.336917988777554
MSDP,10.496001867735473,77.02001099599197,21.376407376753555,56.69435558116234,-32.01433413026053,11.594815488977957,-23.874872975951885,8.159170374749504,52.59666975150301,10.25959829458918,-35.93260661723445,14.295908380761523,26.284594979959913,6.961160064128249,-61.08309277154313,-4.567265274549102,-30.21038054308618,2.501413851703407,19.582387392785577,59.755983893787594,75.820932501002,-138.77728743887766,-53.779205937875794,83.88138759919838,-33.55648675150301,-40.69255394188375,9.711645280561122,43.513556074148305,161.94919934268538,10.217431847695387,26.079267817635273,-3.5278706573146223,12.940397264529059,4.841564418837676,49.982295038076145,11.249203490981968,12.94961261723447,-32.79875292785571,14.353302665330663,4.175007899799598,5.846690276553107,20.0504469478958,6.760842176352709,-5.485772709418839,-1.0224234348697376,10.962087581162328,-26.35518906613227,-16.332982745490984,37.844255513026056,12.204517362725452,25.188317673346692
EORC,47.52680517675352,93.48064262765529,-44.516189407615215,140.89315189579156,99.20038139158318,-4.969249438076156,1.9129759038076162,-4.679507616833678,61.69588826773546,20.512791187174344,25.114711031663322,4.632879926252502,6.961160064128249,68.44656815070137,-84.61923097555109,45.30454483527051,8.749571780360716,4.818175854108216,6.42369037755511,55.22966931623244,107.90128877114223,24.127612779158365,199.81391473186378,88.8988952929859,-38.90563961202404,50.58858577314628,2.6985203847695356,55.456377726653315,170.46917167775547,4.52586989819639,-6.361380277354695,9.72561987815631,4.5088978677354685,0.47843505410821624,62.11641307094189,9.305275870140274,15.763182103406807,55.1633093915832,38.99131480561123,35.355413745891795,1.3556568833667337,18.627312455310616,-1.6479485178356714,9.431542438476955,5.848869349899799,108.0583610276553,14.23541323767534,-5.703592993987978,-4.889566257314625,13.899405744288574,26.893820990781563
CUBO,-68.80639018196392,-438.9117995947897,25.01892432585166,-375.9530183346693,-46.207762702605166,-37.05709116753507,79.57799294789578,41.28884032104207,-221.98033662605206,-74.28203519158316,148.5337336248497,-44.07512595350702,-61.08309277154313,-84.61923097555109,432.1642678040079,-42.157783693787565,129.15516399879758,-14.45906291142285,-47.103364498196385,-198.77404066573138,-476.5986442268535,359.3023353923848,-152.58556386332668,-348.96947212985975,167.37974263847696,125.1468831258516,-20.59406431462926,-182.51509170621242,-562.5244809555112,-37.553978606813615,-67.7967222953908,8.278449830060119,-38.682767152304606,-5.512792230460919,-292.27420213547094,-32.12273946853706,-63.003404774348695,53.317884054909854,-128.96230104609216,-54.70908295551101,39.85179981723447,-90.47272431623247,-12.534890205210417,14.464447516633262,-5.0861667663326635,-121.20040101843685,109.10753253226444,66.77408842885765,-119.0301540068136,-56.8330603238477,-124.47863683086172
HRET,35.75082444248496,27.410845508617218,-16.559725341883745,101.57587616032065,82.24866101322648,-9.788737415631262,13.950980809619239,-15.841642323046093,35.10725309498997,10.173960436072141,41.34841285611223,-2.224033272945892,-4.567265274549102,45.30454483527051,-42.157783693787565,53.70866041523046,21.962884652505014,4.031249957515031,4.046581486172343,27.67396158557113,38.824436118637244,120.18163475591183,134.62729464689377,38.33729484729455,-8.249537862925852,78.49921186212427,-2.47773541482966,29.949138986773544,52.21392607775545,-2.3917420825651283,-6.206397598396782,7.13162757675351,-0.8908986693386817,-0.3150176192384768,36.87346821162323,6.71765054268537,6.367409960721439,72.34440656032065,16.476855935871743,26.195275793186376,-5.240219969539076,7.078101933466928,-1.416102103406814,7.473276038476948,5.1194902492985985,75.87501396232463,25.910157583967944,2.4087432945891827,-17.48843366252505,3.6789212296593186,10.947094159519034
ANSO,-2.7591715623246507,-165.48809588897794,-20.19505844048092,-77.85275443486972,60.37985513386773,-23.02217822885771,44.92868626653306,0.053925485771536844,-71.29872398156313,-23.68194940320642,86.91933846813625,-22.555635790781555,-30.21038054308618,8.749571780360716,129.15516399879758,21.962884652505014,92.39322144248497,-1.676772171543086,-21.467656593587172,-62.184510984769524,-172.89634665410824,201.66453753426848,57.26346084448897,-128.31086515751502,48.228084858116226,106.79661238997994,-9.180978539078154,-56.526613951502995,-241.46436465250503,-18.17340941402805,-44.672291843286565,11.249653571943883,-18.090138242484972,-3.187159320641281,-107.17882562565127,-11.888439053306623,-21.85643805370742,90.54201001162323,-38.89746575951904,11.621399022845686,7.512134279759519,-32.045814991182354,-9.586904005611226,14.606548656513027,1.1573113290581165,17.076004662525047,63.884977761923864,29.888905935871747,-67.91590985531062,-19.747147533466933,-44.90694031703405
DIHO,4.046567629659319,13.732768727855717,2.109537069338683,16.368327486973953,3.0687996040080145,1.0769585939879762,-1.2461671422845684,-2.803377388376756,7.985969854909822,2.33164078236473,-3.5858953891783583,1.502561216833668,2.501413851703407,4.818175854108216,-14.45906291142285,4.031249957515031,-1.676772171543086,1.3300546597194391,2.2788600529058107,11.624036402404805,14.90840848256513,-8.852364503406806,-3.3818747991983864,14.576930210821647,-6.521719026853706,0.38084372104208375,1.0542072384769534,6.248630456112224,22.63532246733467,1.106551228857715,1.3239821114228447,0.12995611863727452,1.4764844809619233,0.5518134909819641,11.091350842484976,1.3139243350701388,2.473560844889779,3.3665044376753457,3.6665049058116237,4.9839908681362735,-1.6157174733466912,3.761839317034069,0.5924298228456911,-0.256715806012024,0.1745938228456912,7.74056715190381,-2.470078722244487,-1.9793955591182362,3.7592548889779547,2.0805693274549095,4.755308141082163
RTTH,11.313709159118233,51.89770787855714,25.269871098597203,45.08394536472944,-25.719119094589203,7.865499646893782,-17.132807721442877,4.041523441683369,46.90334844328658,6.406586388376754,-23.358510189178354,11.634033708216432,19.582387392785577,6.42369037755511,-47.103364498196385,4.046581486172343,-21.467656593587172,2.2788600529058107,26.112224488577148,54.83819827374753,51.218394067334714,-85.18176442965935,-53.13058087895795,71.85208871022043,-19.946565362324655,-9.489520034869726,8.094090599198399,39.928102962324644,137.72839943567132,7.479085535871739,20.71841204448897,-3.1424246244488963,11.08555534468938,3.2559098176352697,42.557297941482965,12.778744273346689,9.694568238877759,-10.930568024448887,6.8927659038076285,1.5209522893787564,3.0863794100200415,16.306354507815634,5.6100678180360735,-5.118358918637273,-0.9162300737474953,9.359525945090182,-18.477482478557118,-11.562411498997996,28.984039924248496,8.564909901402807,18.85812874108217
SPLZ,61.67242162885773,224.2136996388777,65.8119125198396,221.07094761322645,-16.554533060921912,19.197090514228456,-49.686061464929864,2.16881078517034,152.7051761771543,35.67661734388777,-47.398129841282575,33.3931453763527,59.755983893787594,55.22966931623244,-198.77404066573138,27.67396158557113,-62.184510984769524,11.624036402404805,54.83819827374753,241.7834464332665,230.97680736913819,-191.21455742044103,-50.591249319038084,249.26088489939886,-93.48039601322647,-49.89367030420843,25.49791916432866,127.69751712905807,505.365224506613,22.82689534428858,44.781823990781554,-1.779590607615232,36.382277993988,12.111181348697398,172.9412753699398,33.611560614829656,41.34374460601204,-35.39222567014028,49.995962529058104,40.23989668697395,10.236798355110217,64.50602183527054,15.18411440561122,-7.1498358773547075,1.5163307663326644,82.04173231703406,-38.02224829178355,-25.761547827655313,92.53826724529057,38.95360578276553,83.768708402004
NWIG,95.82499427014031,580.3789424104208,-42.266087862925836,472.774770488978,72.81066441603208,44.339868832865726,-99.2607214549098,-31.249419048496975,277.6586291511021,97.90806235591178,-165.30835444649307,58.039749981563126,75.820932501002,107.90128877114223,-476.5986442268535,38.824436118637244,-172.89634665410824,14.90840848256513,51.218394067334714,230.97680736913819,641.4145821226457,-370.53242926012,294.50773844248494,431.3043225106212,-192.94863673667336,-166.41690540040076,22.76972268136273,229.59409710701402,805.5406621979957,48.42887788537074,85.43395635350706,-7.947965882164316,46.68976018837674,7.814118833667335,388.758281654509,37.151057684969956,78.91592766012025,-103.98385989659312,169.59540435270546,56.95088193346694,-33.399847392384785,108.8192312601202,16.126799363527063,-13.513976554709403,9.511380133066133,158.2518967799599,-125.73828018757511,-77.6807490501002,144.638928345491,70.58611318957915,155.14715928577152
MMBT,49.53031607374747,-406.58879300040064,-77.88518086893785,-122.4637500521042,342.6839235543086,-123.18030830140285,167.11544878557115,-55.75752740521044,-238.53061385490983,-34.805303555911784,373.67771894028067,-85.66923923687375,-138.77728743887766,24.127612779158365,359.3023353923848,120.18163475591183,201.66453753426848,-8.852364503406806,-85.18176442965935,-191.21455742044103,-370.53242926012,1729.2162292969933,697.7320920096189,-452.2113111967936,262.5877007182364,414.5806644793585,-52.7380207054108,-189.82796824368722,-671.7124382428857,-71.55008808657313,-102.64488234388776,45.66030602164326,-46.684931494989975,-25.597105715430843,-187.29782483847683,-46.173257385170345,-80.00446163847691,298.20704673667325,-87.31521869338675,-18.414530531462905,-3.9913617811623783,-112.65315405050103,-42.54074163847695,62.28084552945886,18.838415082965938,63.06332197034078,254.67184333947878,141.7755044569139,-251.15033600320638,-62.89436103887775,-121.04260121523045
MDGI,144.8542329603206,221.76541527094182,-301.99580887254507,355.4303333486974,493.50301478436876,-60.12462161643284,44.75177910020041,8.0187802769539,89.50689320160323,68.11086457995991,201.43872855871734,-23.153068943486968,-53.779205937875794,199.81391473186378,-152.58556386332668,134.62729464689377,57.26346084448897,-3.3818747991983864,-53.13058087895795,-50.591249319038084,294.50773844248494,697.7320920096189,1388.083684268938,7.667669088577016,-24.822856652104136,196.86870789939888,-27.82224301202402,94.79828892304594,205.19797677595196,-10.896323320240455,-55.675188279358586,46.587905918236466,-17.092713264529113,-18.75933866332667,126.57345485050102,-1.063922258116193,13.405282888977968,197.88871500881746,147.06858997595194,42.182639665731465,5.615371103807623,-9.523189089779564,-33.32553440561119,59.97567768096191,30.226424584368708,320.4230116909818,130.35276977474962,31.564797326653323,-129.56240888857715,17.774518225250503,28.61580738957916
AGVF,81.38565961362724,407.5287801507014,14.917665526252566,346.1746421162325,-2.3468765482965512,42.77047061803604,-78.17252345490982,-2.2906040416833626,245.20704520561117,65.38539769619236,-130.91854027895798,54.163810114629236,83.88138759919838,88.8988952929859,-348.96947212985975,38.33729484729455,-128.31086515751502,14.576930210821647,71.85208871022043,249.26088489939886,431.3043225106212,-452.2113111967936,7.667669088577016,432.3189203911823,-149.81792143166328,-77.3088422509017,29.12473228857716,199.60766051623241,717.2376713651302,42.38975203046093,84.93343822364727,-8.021157709018034,42.32205662525049,14.087097458917835,271.9576622653305,50.04731611863729,67.25293098517032,-42.18357211543089,109.91929147895793,50.28752493627253,-4.582276791983972,95.53136516873747,22.354558680561116,-17.330122619639273,3.984389414028055,139.85547977715424,-102.88323283046094,-71.29949054909821,132.73686551022047,56.82141742364729,124.57651234949898
RRES,-25.354086730260512,-187.10336424729462,6.022438993587149,-154.974571496994,-3.4716304765531087,-20.606635270140266,39.495517661322616,5.596996903006009,-100.91732131703404,-27.91994662084168,67.03742178837675,-22.540351760320636,-33.55648675150301,-38.90563961202404,167.37974263847696,-8.249537862925852,48.228084858116226,-6.521719026853706,-19.946565362324655,-93.48039601322647,-192.94863673667336,262.5877007182364,-24.822856652104136,-149.81792143166328,94.60150687735467,84.85024878837679,-13.116504987975947,-84.53642834108216,-278.2291781290581,-17.63751869819638,-18.112250329058117,3.721070620440882,-17.877055825651293,-4.718346651302603,-119.57479063887773,-11.440819920641284,-28.774647445290586,48.28224975591179,-51.54052345891783,-29.749270421643292,7.70921375230461,-39.861054884569135,-6.674298327054106,6.406051319438874,-0.7634694533066103,-52.81827831382767,46.05916752064129,31.50255490581162,-56.83925965170337,-26.40770812985971,-52.97509554669336
CTGI,37.39971415791583,-171.68497721082161,-41.827564882965916,-23.740453669338635,142.9303613759519,-38.780595088977954,69.50543464729455,-6.10835648537076,-49.194257738677365,-16.718049581963925,143.70932688817646,-27.5024164032064,-40.69255394188375,50.58858577314628,125.1468831258516,78.49921186212427,106.79661238997994,0.38084372104208375,-9.489520034869726,-49.89367030420843,-166.41690540040076,414.5806644793585,196.86870789939888,-77.3088422509017,84.85024878837679,290.61307812865715,-16.296386006012035,-35.51297370060119,-178.81132176192384,-21.312305793987978,-41.61591641803606,17.83925354468937,-23.03494613426852,-6.480762298597197,-104.06081380040075,6.261219596793589,-20.654518087374736,218.18825457835678,-28.894851539078132,21.601701560721427,10.111389753907819,-31.994967559519043,-11.78847654428857,21.605164379158325,6.8539531631262545,98.21095113066121,91.97604043767532,37.54649277354708,-99.59522454629251,-22.59895004088176,-43.69792822324649
ALUT,3.65748804008016,24.11131841082164,9.187627016032064,16.990302675350705,-12.830706875751494,4.267044146292586,-8.391068567134269,3.4921142625250514,17.930256324649303,2.8858950881763525,-12.445612228456913,5.141147258517033,9.711645280561122,2.6985203847695356,-20.59406431462926,-2.47773541482966,-9.180978539078154,1.0542072384769534,8.094090599198399,25.49791916432866,22.76972268136273,-52.7380207054108,-27.82224301202402,29.12473228857716,-13.116504987975947,-16.296386006012035,4.93462023046092,15.209587737474951,60.732362869739454,3.665264513026052,7.669907697394787,-0.7367299759519024,5.763516102204408,1.8941081062124252,15.750529707414827,3.7956241322645297,4.326833258517034,-12.592924470941867,3.0502269138276557,1.8258409659318626,2.6774558076152313,7.439438330661322,2.252957206412827,-1.6382735110220428,-0.7131062004008023,3.313381368737473,-8.857842573146288,-4.732750881763526,13.93243006212426,4.715570268537076,8.988533104208416
ACAC,50.541090448096185,217.9445043739479,8.854331470541075,217.10952291182366,16.915287066533065,16.319877182765524,-46.37394324048095,2.8747735002004053,148.77509130020044,35.417986713827645,-45.02351935791581,28.817466099398793,43.513556074148305,55.456377726653315,-182.51509170621242,29.949138986773544,-56.526613951502995,6.248630456112224,39.928102962324644,127.69751712905807,229.59409710701402,-189.82796824368722,94.79828892304594,199.60766051623241,-84.53642834108216,-35.51297370060119,15.209587737474951,131.56441483727457,404.34757868857713,19.964183650501,45.11265168697395,-3.6615967703406778,24.95428647895792,6.518864110220443,154.3217852809619,26.898208079358717,33.25397847855711,-23.05442344248495,57.26272279358718,22.48333673667334,3.582030321442887,47.87923445811622,11.054783508617238,-5.753453714629251,3.5324277330661316,84.03498140160322,-38.05241865971942,-34.63950789979961,64.36149017995994,29.969186307014013,63.5692079683367
SRTX,174.68456842324645,772.8850467559117,62.86099512144286,652.3392074068136,13.716003876553255,63.67648066212424,-159.18434914629265,53.5249265715431,473.5271543599197,120.96175355190387,-155.98203417875743,104.66875740120238,161.94919934268538,170.46917167775547,-562.5244809555112,52.21392607775545,-241.46436465250503,22.63532246733467,137.72839943567132,505.365224506613,805.5406621979957,-671.7124382428857,205.19797677595196,717.2376713651302,-278.2291781290581,-178.81132176192384,60.732362869739454,404.34757868857713,1684.4415190925854,76.18332973787572,138.1351535503006,-7.546121684969939,95.26788243687369,25.564575134268537,530.7180473795589,93.27554552945891,117.37366402725446,-167.84644928577146,203.75584145891779,65.8822918220441,37.168587023647284,167.68419554148298,39.02048430781559,-18.892883333066123,9.808427626452904,262.6637637130261,-129.02589742364725,-94.43329800400804,237.4065138629257,110.33716209699398,232.46841321523047
GARI,4.664824880160322,46.73636649939879,3.188931947094184,29.464774661322636,-10.166276436072131,6.470552573947894,-11.44053319438877,1.6736134092184383,24.71025130581162,6.8107249026052115,-21.958795886172346,6.69484011062124,10.217431847695387,4.52586989819639,-37.553978606813615,-2.3917420825651283,-18.17340941402805,1.106551228857715,7.479085535871739,22.82689534428858,48.42887788537074,-71.55008808657313,-10.896323320240455,42.38975203046093,-17.63751869819638,-21.312305793987978,3.665264513026052,19.964183650501,76.18332973787572,5.747126595591188,10.516238993186374,-1.8061971719438876,5.312345282565131,1.55205934268537,28.22083836953907,4.355901705811622,7.051615762725446,-16.984915329859714,11.42415083767535,2.538637978356713,-0.22937388216432858,10.187380896192378,2.5950139991983954,-2.787678467334667,-0.18608845370741486,6.227521604809623,-16.321148573947898,-8.694309907815631,17.844883594388783,6.33420206492986,13.296172381563121
RCRI,7.607166472144288,81.93194941603207,30.54900759879761,61.59579742084166,-46.94920649659321,12.87786273787575,-28.358795985971945,4.708804193587175,58.362038169939865,13.004969182765539,-47.74658387895793,14.911993826853706,26.079267817635273,-6.361380277354695,-67.7967222953908,-6.206397598396782,-44.672291843286565,1.3239821114228447,20.71841204448897,44.781823990781554,85.43395635350706,-102.64488234388776,-55.675188279358586,84.93343822364727,-18.112250329058117,-41.61591641803606,7.669907697394787,45.11265168697395,138.1351535503006,10.516238993186374,55.546825771142295,-7.07214263006012,13.231896058116227,5.241439581162324,61.597090395190335,13.322683261723444,11.835680698997994,-31.37533271703409,14.61646355511022,-10.471445595991977,2.6916988665330703,19.819380742685365,9.159344446492986,-8.643642363927864,-0.5428740945891775,-6.411544762725474,-36.04115836312621,-21.03579731863728,44.67013215991982,10.41755057955912,25.061888152705418
ACIX,6.649680070541077,-9.530913480561114,-13.401455487775538,3.9396789699398815,24.55673484649299,-4.596812295791582,7.419121014028058,1.7831586797595187,-5.099042842484972,0.014454221242484286,17.369837701002012,-3.108025741082162,-3.5278706573146223,9.72561987815631,8.278449830060119,7.13162757675351,11.249653571943883,0.12995611863727452,-3.1424246244488963,-1.779590607615232,-7.947965882164316,45.66030602164326,46.587905918236466,-8.021157709018034,3.721070620440882,17.83925354468937,-0.7367299759519024,-3.6615967703406778,-7.546121684969939,-1.8061971719438876,-7.07214263006012,4.408254411222446,-1.2051614308617244,-0.5087143046092184,-8.78224704128257,-1.2241891959919842,-1.4075419126252513,16.17253402885772,0.8521748857715423,3.8929246316633233,2.065298382364729,-2.7091215286573114,-2.116952894589178,4.565420650901801,1.1154883398797588,16.804187556713423,12.254721806813626,5.4437391903807635,-11.332219471743487,-0.43003424769539056,-2.3350576184368745
CCNS,7.621534300601199,45.57124835871744,12.210829765531074,36.38507546092185,-12.076256719438895,4.662500955911823,-12.964632855711425,1.9882130681362722,29.00250496593187,6.665511897795592,-16.941187426853702,7.232777286573144,12.940397264529059,4.5088978677354685,-38.682767152304606,-0.8908986693386817,-18.090138242484972,1.4764844809619233,11.08555534468938,36.382277993988,46.68976018837674,-46.684931494989975,-17.092713264529113,42.32205662525049,-17.877055825651293,-23.03494613426852,5.763516102204408,24.95428647895792,95.26788243687369,5.312345282565131,13.231896058116227,-1.2051614308617244,9.532602515030057,1.9788085871743475,30.986829683366732,5.243785462925851,6.441320336673346,-19.193571228456914,8.224147274549097,1.5486139198396804,1.6167611703406815,11.409960623246489,3.068423242484969,-2.140606144288572,-0.3845132705410829,5.94903414629259,-12.679193531062118,-6.012978296593184,20.031690607214426,7.492392649298595,15.260748591182363
MTNS,2.103621547094189,8.770474863727454,8.485419220440876,8.970895360721448,-8.44149747695391,2.393192623246492,-3.2953690681362717,2.47881179759519,8.494695122244487,1.1069066913827654,-4.045588621242487,2.414205615230461,4.841564418837676,0.47843505410821624,-5.512792230460919,-0.3150176192384768,-3.187159320641281,0.5518134909819641,3.2559098176352697,12.111181348697398,7.814118833667335,-25.597105715430843,-18.75933866332667,14.087097458917835,-4.718346651302603,-6.480762298597197,1.8941081062124252,6.518864110220443,25.564575134268537,1.55205934268537,5.241439581162324,-0.5087143046092184,1.9788085871743475,1.9415705310621227,6.859870468937877,2.1918542324649297,2.2141943006012026,-5.600419080160325,0.8400860320641274,1.4756874989979978,2.405505066132264,3.4331681302605204,1.827750713426855,-0.831377358717436,-0.16847682164328645,1.4359002665330665,-2.9322406492985964,-2.380534248496995,7.271280182364731,1.8513511102204407,4.145162743486974
IHOZ,63.877385199198386,355.9047284777554,30.307914739879752,327.5406050741481,28.78272093146298,26.572037107815635,-63.144830076152296,-32.49040864448897,189.96697409859718,58.95928044248496,-89.85379883446892,39.87135594068136,49.982295038076145,62.11641307094189,-292.27420213547094,36.87346821162323,-107.17882562565127,11.091350842484976,42.557297941482965,172.9412753699398,388.758281654509,-187.29782483847683,126.57345485050102,271.9576622653305,-119.57479063887773,-104.06081380040075,15.750529707414827,154.3217852809619,530.7180473795589,28.22083836953907,61.597090395190335,-8.78224704128257,30.986829683366732,6.859870468937877,300.8306841298598,25.708859732264532,50.92541760160318,-67.15251108456911,93.28494187575153,35.601405223246495,-24.341457231262524,70.90703658997994,13.904520086573148,-12.650314016833669,6.092381152705411,86.54986231983968,-68.40144429819642,-49.16121436472946,99.5374487759519,42.54616458677354,97.37921115190379
NAYO,11.706049088577153,36.05442988617234,6.498444151503005,32.13155091382765,-3.7662764160320705,4.7988880649298595,-9.382399627254513,5.026212266933868,30.836542367935884,6.0083173074148295,-8.861314483366737,6.3034048,11.249203490981968,9.305275870140274,-32.12273946853706,6.71765054268537,-11.888439053306623,1.3139243350701388,12.778744273346689,33.611560614829656,37.151057684969956,-46.173257385170345,-1.063922258116193,50.04731611863729,-11.440819920641284,6.261219596793589,3.7956241322645297,26.898208079358717,93.27554552945891,4.355901705811622,13.322683261723444,-1.2241891959919842,5.243785462925851,2.1918542324649297,25.708859732264532,13.934215292985966,7.0915442997995966,6.993681283366726,11.013823182364728,2.7539884392785567,3.029938382364728,10.19144448336673,3.384245943086172,-2.1185764232464934,0.3376296625250502,16.42898787735471,-7.949675948697398,-6.636763815631263,14.332144896993986,5.798498577955911,13.360889235270538
FWWG,13.69140769058116,73.75850866052102,2.3524187591182333,64.74468161923848,3.3970734252505017,7.380694643687369,-13.985858581162313,-1.955372894589176,40.65500388937877,12.055724695791582,-21.361293694589175,8.781709093386768,12.94961261723447,15.763182103406807,-63.003404774348695,6.367409960721439,-21.85643805370742,2.473560844889779,9.694568238877759,41.34374460601204,78.91592766012025,-80.00446163847691,13.405282888977968,67.25293098517032,-28.774647445290586,-20.654518087374736,4.326833258517034,33.25397847855711,117.37366402725446,7.051615762725446,11.835680698997994,-1.4075419126252513,6.441320336673346,2.2141943006012026,50.92541760160318,7.0915442997995966,12.868587921442884,-10.31294261482966,21.260230829659314,10.408488588376754,-1.9110501274549094,16.913609245691376,3.425060185971943,-2.5648979110220447,0.9337387190380756,23.124988798396785,-16.199696952304624,-11.961005154308623,23.249748089779555,10.115147846092183,22.174676791983966
EELT,36.37678917515029,-115.17021948016028,-61.218618232064145,14.633112378757504,144.57286923406824,-28.42790793627254,56.60285107615231,-13.762569808817641,-29.47268998557108,-7.697223439278558,100.93171484488981,-22.918129963126244,-32.79875292785571,55.1633093915832,53.317884054909854,72.34440656032065,90.54201001162323,3.3665044376753457,-10.930568024448887,-35.39222567014028,-103.98385989659312,298.20704673667325,197.88871500881746,-42.18357211543089,48.28224975591179,218.18825457835678,-12.592924470941867,-23.05442344248495,-167.84644928577146,-16.984915329859714,-31.37533271703409,16.17253402885772,-19.193571228456914,-5.600419080160325,-67.15251108456911,6.993681283366726,-10.31294261482966,232.31004331022044,-7.508259106212427,27.9861909026052,-1.387889143086173,-19.97065329178356,-10.993801552705408,18.36960815951905,6.247839112625248,102.15373819358724,68.07539893226458,21.714133070140306,-81.31098531823645,-14.561207020440884,-28.421793952304608
HRND,30.48989544689379,152.68134688977952,-36.625441735470964,126.01465529058115,49.02252209619238,9.788758649298597,-21.077892204408816,-4.908397559118244,69.84233952705411,27.933375643286578,-31.36939019639276,11.525770997995991,14.353302665330663,38.99131480561123,-128.96230104609216,16.476855935871743,-38.89746575951904,3.6665049058116237,6.8927659038076285,49.995962529058104,169.59540435270546,-87.31521869338675,147.06858997595194,109.91929147895793,-51.54052345891783,-28.894851539078132,3.0502269138276557,57.26272279358718,203.75584145891779,11.42415083767535,14.61646355511022,0.8521748857715423,8.224147274549097,0.8400860320641274,93.28494187575153,11.013823182364728,21.260230829659314,-7.508259106212427,56.72267338677354,18.786907150300603,-9.580175767535062,26.30315262124249,1.9174835350701407,0.040735815631263696,4.056701651302604,59.199827779559115,-24.130493338677365,-17.05934801603206,26.266295899799594,18.76915001202405,40.7949120761523
AETS,22.55648275591183,50.357591008416854,-8.721912361523035,78.31091083366735,46.22872238156312,0.37629848577154495,2.421213198396789,-15.566563284168328,27.29689326973949,10.139105884569139,2.99117930420842,2.345029449298597,4.175007899799598,35.355413745891795,-54.70908295551101,26.195275793186376,11.621399022845686,4.9839908681362735,1.5209522893787564,40.23989668697395,56.95088193346694,-18.414530531462905,42.182639665731465,50.28752493627253,-29.749270421643292,21.601701560721427,1.8258409659318626,22.48333673667334,65.8822918220441,2.538637978356713,-10.471445595991977,3.8929246316633233,1.5486139198396804,1.4756874989979978,35.601405223246495,2.7539884392785567,10.408488588376754,27.9861909026052,18.786907150300603,36.49712591422847,-7.747145986372746,14.09449578597194,-0.1242219927855749,3.356582494589178,2.2331024080160318,53.98645661482965,1.9791112256512997,-2.952802092184368,2.6640060192384807,8.290274730260519,17.887412682164328
ULXY,3.993729396392785,-25.972918515430862,9.358985632064133,-15.852960793587194,-11.790099259318637,-3.207543259318639,0.9387320320641273,25.277887400400804,1.592668076953892,-4.753346169138277,21.17739583807616,1.0416887150300596,5.846690276553107,1.3556568833667337,39.85179981723447,-5.240219969539076,7.512134279759519,-1.6157174733466912,3.0863794100200415,10.236798355110217,-33.399847392384785,-3.9913617811623783,5.615371103807623,-4.582276791983972,7.70921375230461,10.111389753907819,2.6774558076152313,3.582030321442887,37.168587023647284,-0.22937388216432858,2.6916988665330703,2.065298382364729,1.6167611703406815,2.405505066132264,-24.341457231262524,3.029938382364728,-1.9110501274549094,-1.387889143086173,-9.580175767535062,-7.747145986372746,26.826227741883752,-4.0581872609218435,1.3503556440881759,2.583843028456914,-0.0342224240480956,5.5718095294589185,14.37720583246493,3.212353835671344,-1.9361953939879755,-1.0133363975951901,-5.45404467014028
